%YAML:1.0
---
camera_matrix: !!opencv-matrix
   rows: 3
   cols: 3
   dt: d
   data: [ 703.05453394345591, 0., 632.32930568981647, 0.,
       701.94059382917339, 380.60538376755181, 0., 0., 1. ]
dist_coeffs: !!opencv-matrix
   rows: 1
   cols: 5
   dt: d
   data: [ -0.38851797849961711, 0.24456907685777135,
       0.0022777779786338683, -0.002137511261984788,
       -0.12411672531550236 ]
reproj_error: 0.30030682691425542
