image_width: 1920
image_height: 1080
camera_name: "see3cam_24cug"
camera_matrix:
  rows: 3
  cols: 3
  data:
    [
      703.05453394345591,
      0.,
      632.32930568981647,
      0.,
      701.94059382917339,
      380.60538376755181,
      0.,
      0.,
      1.,
    ]
distortion_model: plumb_bob
distortion_coefficients:
  rows: 1
  cols: 5
  data:
    [
      -0.38851797849961711,
      0.24456907685777135,
      0.0022777779786338683,
      -0.002137511261984788,
      -0.12411672531550236,
    ]
rectification_matrix:
  rows: 3
  cols: 3
  data: [1.0, 0.0, 0.0, 0.0, 1.0, 0.0, 0.0, 0.0, 1.0]
projection_matrix:
  rows: 3
  cols: 4
  data:
    [
      703.05453394345591,
      0.,
      632.32930568981647,
      0.0,

      0.,
      701.94059382917339,
      380.60538376755181,
      0.0,

      0.,
      0.,
      1.,
      0.0,
    ]
